      0/99     5.46G    0.1284   0.03049         0    0.1589         8       640         0         0 7.446e-05 1.052e-05    0.1151   0.02959         0
      1/99     5.48G    0.1217    0.0243         0     0.146         9       640         0         0 0.0001905 2.688e-05    0.1093   0.02079         0
      2/99     5.48G    0.1156   0.02027         0    0.1358         7       640         0         0 0.0005882 0.0001932    0.1055   0.01671         0
      3/99     5.48G    0.1131   0.01859         0    0.1317        10       640         0         0  0.003501  0.001134    0.1056   0.01445         0
      4/99     5.48G    0.1062   0.01797         0    0.1242        10       640         0         0  0.001489 0.0003826    0.1037   0.01394         0
      5/99     5.48G    0.1033   0.01698         0    0.1203         8       640         0         0  0.002334 0.0006296   0.09799   0.01453         0
      6/99     5.48G     0.101   0.01795         0    0.1189         8       640         0         0  0.005984  0.001198   0.09355   0.01486         0
      7/99     5.48G   0.09785   0.01727         0    0.1151         8       640         0         0  0.007407  0.001658   0.08911   0.01499         0
      8/99     5.48G   0.09685   0.01595         0    0.1128        11       640         0         0    0.0187  0.005642   0.08628   0.01499         0
      9/99     5.48G   0.09403   0.01632         0    0.1103         9       640         0         0   0.03771  0.009088   0.08545    0.0148         0
     10/99     5.48G   0.08815   0.01744         0    0.1056         4       640         0         0   0.03434   0.01076    0.0837   0.01452         0
     11/99     5.48G   0.08636   0.01678         0    0.1031         7       640         0         0   0.03086  0.006787   0.08234   0.01421         0
     12/99     5.48G   0.08125   0.01829         0   0.09955         6       640         0         0   0.05695   0.01301   0.07777   0.01451         0
     13/99     5.48G   0.08165   0.01913         0    0.1008        11       640         0         0   0.03761  0.006387   0.07824   0.01413         0
     14/99     5.48G   0.07955   0.01858         0   0.09813        11       640         0         0   0.07455   0.02066   0.07355   0.01445         0
     15/99     5.48G   0.07609   0.01814         0   0.09424         9       640         0         0   0.09628   0.02728   0.07123   0.01434         0
     16/99     5.48G    0.0749   0.01719         0   0.09208         8       640         1    0.0101   0.09526   0.03478   0.06822   0.01448         0
     17/99     5.48G   0.07194   0.01838         0   0.09032        10       640         1    0.0101    0.1176   0.03421   0.06472   0.01456         0
     18/99     5.48G   0.06656   0.01633         0   0.08289         5       640    0.5851   0.01526    0.1182   0.02384   0.06578   0.01419         0
     19/99     5.48G     0.065   0.01869         0    0.0837         5       640    0.6112    0.0404    0.1837   0.05338   0.05958   0.01449         0
     20/99     5.48G   0.06678   0.01753         0   0.08431         7       640     0.495    0.1585      0.23   0.07441   0.05951   0.01408         0
     21/99     5.48G   0.06652   0.01572         0   0.08223         3       640    0.1843    0.2323    0.1244   0.03235    0.0623   0.01395         0
     22/99     5.48G   0.06149   0.01796         0   0.07945        10       640    0.3659    0.3906    0.2853    0.1024   0.05982   0.01375         0
     23/99     5.48G    0.0642   0.01577         0   0.07997         9       640    0.1905    0.2543    0.1718   0.04997   0.06341   0.01306         0
     24/99     5.48G   0.06614   0.01484         0   0.08098        14       640    0.4751    0.4141    0.4407     0.147   0.05285   0.01309         0
     25/99     5.48G   0.06034   0.01646         0    0.0768         6       640    0.5375    0.3874    0.4281    0.1452   0.05193   0.01313         0
     26/99     5.48G   0.05894   0.01714         0   0.07607        11       640    0.4114    0.4242    0.3792    0.1262   0.05147   0.01274         0
     27/99     5.48G   0.05911   0.01363         0   0.07274         5       640     0.306    0.3939    0.2496   0.06156    0.0616   0.01171         0
     28/99     5.48G    0.0602   0.01475         0   0.07495         9       640    0.4713    0.4863    0.5005    0.1934   0.05468   0.01197         0
     29/99     5.48G   0.06037   0.01544         0   0.07581         8       640    0.5922    0.4848    0.5153     0.155   0.05595   0.01147         0
     30/99     5.48G   0.06121     0.015         0   0.07621         7       640    0.5266    0.3737    0.4589    0.1399   0.05994   0.01129         0
     31/99     5.48G   0.06253   0.01584         0   0.07837        10       640    0.5679    0.4381    0.5018    0.1985   0.05353   0.01144         0
     32/99     5.48G   0.05594   0.01714         0   0.07308         5       640     0.621    0.5455      0.62    0.2422   0.04604   0.01195         0
     33/99     5.48G   0.05213   0.01491         0   0.06703         5       640    0.4096     0.697    0.5724    0.1916   0.04828   0.01156         0
